Dx     1st order  2nd order     4th order
1/1     1.952492   0.476246 -1.020492e-01
1/2     0.808533   0.114686 -5.834112e-03
1/3     0.507876   0.050619 -1.133528e-03
1/4     0.369963   0.028404 -3.565861e-04
1/5     0.290894   0.018158 -1.456670e-04
1/6     0.239650   0.012602 -7.014623e-05
1/7     0.203749   0.009255 -3.782999e-05
1/8     0.177198   0.007084 -2.216262e-05
1/9     0.156768   0.005597 -1.383061e-05
1/10    0.140560   0.004533 -9.071733e-06
1/11    0.127389   0.003746 -6.194835e-06
1/12    0.116475   0.003147 -4.373280e-06
1/13    0.107282   0.002682 -3.174722e-06
1/14    0.099435   0.002312 -2.360070e-06
1/15    0.092657   0.002014 -1.790762e-06
1/16    0.086744   0.001770 -1.383233e-06
1/17    0.081540   0.001568 -1.085317e-06
1/18    0.076926   0.001399 -8.634611e-07
1/19    0.072805   0.001255 -6.955079e-07
1/20    0.069104   0.001133 -5.664773e-07
1/21    0.065761   0.001027 -4.660294e-07
1/22    0.062726   0.000936 -3.868916e-07
1/23    0.059959   0.000857 -3.238617e-07
1/24    0.057426   0.000787 -2.731606e-07
1/25    0.055098   0.000725 -2.320042e-07
1/26    0.052951   0.000670 -1.983153e-07
1/27    0.050966   0.000622 -1.705254e-07
1/28    0.049124   0.000578 -1.474372e-07
1/29    0.047410   0.000539 -1.281276e-07
1/30    0.045812   0.000503 -1.118782e-07
1/31    0.044319   0.000471 -9.812513e-08
1/32    0.042919   0.000442 -8.642190e-08
1/33    0.041605   0.000416 -7.641260e-08
1/34    0.040370   0.000392 -6.781134e-08
1/35    0.039205   0.000370 -6.038698e-08
1/36    0.038106   0.000350 -5.395146e-08
1/37    0.037067   0.000331 -4.835086e-08
1/38    0.036083   0.000314 -4.345849e-08
1/39    0.035150   0.000298 -3.916957e-08
1/40    0.034263   0.000283 -3.539693e-08
1/41    0.033421   0.000270 -3.206776e-08
1/42    0.032619   0.000257 -2.912095e-08
1/43    0.031854   0.000245 -2.650498e-08
1/44    0.031125   0.000234 -2.417628e-08
1/45    0.030428   0.000224 -2.209778e-08
1/46    0.029762   0.000214 -2.023793e-08
1/47    0.029124   0.000205 -1.856972e-08
1/48    0.028513   0.000197 -1.706989e-08
1/49    0.027927   0.000189 -1.571848e-08
1/50    0.027365   0.000181 -1.449819e-08
1/51    0.026825   0.000174 -1.339408e-08
1/52    0.026306   0.000168 -1.239308e-08
1/53    0.025806   0.000161 -1.148386e-08
1/54    0.025325   0.000155 -1.065652e-08
1/55    0.024862   0.000150 -9.902393e-09
1/56    0.024415   0.000144 -9.213789e-09
1/57    0.023985   0.000139 -8.583993e-09
1/58    0.023569   0.000135 -8.007138e-09
1/59    0.023167   0.000130 -7.477929e-09
1/60    0.022779   0.000126 -6.991700e-09
1/61    0.022403   0.000122 -6.544359e-09
1/62    0.022040   0.000118 -6.132244e-09
1/63    0.021688   0.000114 -5.752078e-09
1/64    0.021348   0.000111 -5.400910e-09
1/65    0.021018   0.000107 -5.076130e-09
1/66    0.020697   0.000104 -4.775402e-09
1/67    0.020387   0.000101 -4.496613e-09
1/68    0.020086   0.000098 -4.237883e-09
1/69    0.019793   0.000095 -3.997486e-09
1/70    0.019509   0.000092 -3.773925e-09
1/71    0.019233   0.000090 -3.565760e-09
1/72    0.018965   0.000087 -3.371742e-09
1/73    0.018704   0.000085 -3.190733e-09
1/74    0.018450   0.000083 -3.021713e-09
1/75    0.018203   0.000081 -2.863751e-09
1/76    0.017962   0.000078 -2.715996e-09
1/77    0.017728   0.000076 -2.577633e-09
1/78    0.017500   0.000074 -2.447960e-09
1/79    0.017277   0.000073 -2.326338e-09
1/80    0.017060   0.000071 -2.212210e-09
1/81    0.016849   0.000069 -2.104932e-09
1/82    0.016642   0.000067 -2.004137e-09
1/83    0.016441   0.000066 -1.909287e-09
1/84    0.016245   0.000064 -1.819974e-09
1/85    0.016053   0.000063 -1.735845e-09
1/86    0.015865   0.000061 -1.656476e-09
1/87    0.015682   0.000060 -1.581600e-09
1/88    0.015503   0.000059 -1.510948e-09
1/89    0.015329   0.000057 -1.444158e-09
1/90    0.015158   0.000056 -1.381057e-09
1/91    0.014990   0.000055 -1.321338e-09
1/92    0.014827   0.000054 -1.264789e-09
1/93    0.014667   0.000052 -1.211290e-09
1/94    0.014510   0.000051 -1.160561e-09
1/95    0.014357   0.000050 -1.112442e-09
1/96    0.014207   0.000049 -1.066809e-09
1/97    0.014060   0.000048 -1.023507e-09
1/98    0.013916   0.000047 -9.823875e-10
1/99    0.013775   0.000046 -9.432868e-10
1/100   0.013637   0.000045 -9.061001e-10