Dx     1st order  2nd order  4th order      real
1/1    -0.956449  -0.708073  -0.816573 -0.841471
1/2    -0.939130  -0.806845  -0.839769 -0.841471
1/3    -0.915194  -0.825975  -0.841129 -0.841471
1/4    -0.899920  -0.832733  -0.841362 -0.841471
1/5    -0.889723  -0.835872  -0.841426 -0.841471
1/6    -0.882502  -0.837581  -0.841449 -0.841471
1/7    -0.877139  -0.838612  -0.841459 -0.841471
1/8    -0.873006  -0.839281  -0.841464 -0.841471
1/9    -0.869727  -0.839741  -0.841467 -0.841471
1/10   -0.867062  -0.840069  -0.841468 -0.841471
1/11   -0.864855  -0.840312  -0.841469 -0.841471
1/12   -0.862997  -0.840497  -0.841470 -0.841471
1/13   -0.861412  -0.840641  -0.841470 -0.841471
1/14   -0.860044  -0.840756  -0.841470 -0.841471
1/15   -0.858851  -0.840848  -0.841470 -0.841471
1/16   -0.857802  -0.840923  -0.841471 -0.841471
1/17   -0.856872  -0.840986  -0.841471 -0.841471
1/18   -0.856043  -0.841038  -0.841471 -0.841471
1/19   -0.855298  -0.841083  -0.841471 -0.841471
1/20   -0.854625  -0.841120  -0.841471 -0.841471
1/21   -0.854015  -0.841153  -0.841471 -0.841471
1/22   -0.853459  -0.841181  -0.841471 -0.841471
1/23   -0.852950  -0.841206  -0.841471 -0.841471
1/24   -0.852482  -0.841228  -0.841471 -0.841471
1/25   -0.852051  -0.841247  -0.841471 -0.841471
1/26   -0.851653  -0.841264  -0.841471 -0.841471
1/27   -0.851283  -0.841279  -0.841471 -0.841471
1/28   -0.850939  -0.841292  -0.841471 -0.841471
1/29   -0.850619  -0.841304  -0.841471 -0.841471
1/30   -0.850319  -0.841315  -0.841471 -0.841471
1/31   -0.850039  -0.841325  -0.841471 -0.841471
1/32   -0.849776  -0.841334  -0.841471 -0.841471
1/33   -0.849528  -0.841342  -0.841471 -0.841471
1/34   -0.849295  -0.841350  -0.841471 -0.841471
1/35   -0.849075  -0.841357  -0.841471 -0.841471
1/36   -0.848866  -0.841363  -0.841471 -0.841471
1/37   -0.848669  -0.841369  -0.841471 -0.841471
1/38   -0.848483  -0.841374  -0.841471 -0.841471
1/39   -0.848305  -0.841379  -0.841471 -0.841471
1/40   -0.848137  -0.841383  -0.841471 -0.841471
1/41   -0.847976  -0.841388  -0.841471 -0.841471
1/42   -0.847823  -0.841391  -0.841471 -0.841471
1/43   -0.847677  -0.841395  -0.841471 -0.841471
1/44   -0.847538  -0.841399  -0.841471 -0.841471
1/45   -0.847405  -0.841402  -0.841471 -0.841471
1/46   -0.847277  -0.841405  -0.841471 -0.841471
1/47   -0.847155  -0.841407  -0.841471 -0.841471
1/48   -0.847038  -0.841410  -0.841471 -0.841471
1/49   -0.846926  -0.841413  -0.841471 -0.841471
1/50   -0.846818  -0.841415  -0.841471 -0.841471
1/51   -0.846714  -0.841417  -0.841471 -0.841471
1/52   -0.846614  -0.841419  -0.841471 -0.841471
1/53   -0.846518  -0.841421  -0.841471 -0.841471
1/54   -0.846426  -0.841423  -0.841471 -0.841471
1/55   -0.846336  -0.841425  -0.841471 -0.841471
1/56   -0.846250  -0.841426  -0.841471 -0.841471
1/57   -0.846167  -0.841428  -0.841471 -0.841471
1/58   -0.846087  -0.841429  -0.841471 -0.841471
1/59   -0.846009  -0.841431  -0.841471 -0.841471
1/60   -0.845934  -0.841432  -0.841471 -0.841471
1/61   -0.845862  -0.841433  -0.841471 -0.841471
1/62   -0.845792  -0.841435  -0.841471 -0.841471
1/63   -0.845724  -0.841436  -0.841471 -0.841471
1/64   -0.845658  -0.841437  -0.841471 -0.841471
1/65   -0.845594  -0.841438  -0.841471 -0.841471
1/66   -0.845532  -0.841439  -0.841471 -0.841471
1/67   -0.845472  -0.841440  -0.841471 -0.841471
1/68   -0.845413  -0.841441  -0.841471 -0.841471
1/69   -0.845357  -0.841442  -0.841471 -0.841471
1/70   -0.845302  -0.841442  -0.841471 -0.841471
1/71   -0.845248  -0.841443  -0.841471 -0.841471
1/72   -0.845196  -0.841444  -0.841471 -0.841471
1/73   -0.845145  -0.841445  -0.841471 -0.841471
1/74   -0.845096  -0.841445  -0.841471 -0.841471
1/75   -0.845048  -0.841446  -0.841471 -0.841471
1/76   -0.845001  -0.841447  -0.841471 -0.841471
1/77   -0.844956  -0.841447  -0.841471 -0.841471
1/78   -0.844911  -0.841448  -0.841471 -0.841471
1/79   -0.844868  -0.841449  -0.841471 -0.841471
1/80   -0.844826  -0.841449  -0.841471 -0.841471
1/81   -0.844785  -0.841450  -0.841471 -0.841471
1/82   -0.844745  -0.841450  -0.841471 -0.841471
1/83   -0.844705  -0.841451  -0.841471 -0.841471
1/84   -0.844667  -0.841451  -0.841471 -0.841471
1/85   -0.844630  -0.841452  -0.841471 -0.841471
1/86   -0.844593  -0.841452  -0.841471 -0.841471
1/87   -0.844558  -0.841452  -0.841471 -0.841471
1/88   -0.844523  -0.841453  -0.841471 -0.841471
1/89   -0.844489  -0.841453  -0.841471 -0.841471
1/90   -0.844455  -0.841454  -0.841471 -0.841471
1/91   -0.844423  -0.841454  -0.841471 -0.841471
1/92   -0.844391  -0.841454  -0.841471 -0.841471
1/93   -0.844360  -0.841455  -0.841471 -0.841471
1/94   -0.844329  -0.841455  -0.841471 -0.841471
1/95   -0.844299  -0.841455  -0.841471 -0.841471
1/96   -0.844270  -0.841456  -0.841471 -0.841471
1/97   -0.844241  -0.841456  -0.841471 -0.841471
1/98   -0.844213  -0.841456  -0.841471 -0.841471
1/99   -0.844185  -0.841457  -0.841471 -0.841471
1/100  -0.844158  -0.841457  -0.841471 -0.841471